0.1110070059
0.05662285774
0.03848055761
0.02939931829
0.02394293933
0.02029932243
0.01769183022
0.01573212551
0.01420445081
0.01297933987
0.01197439548
0.01113467826
0.01042214668
0.009809622674
0.00927717099
0.008809836176
0.008396178283
0.008027296607
0.007696161704
0.007397147775
0.00712569863
0.006651223698
0.006442545417
0.006071428195
0.005751073035
0.005471449592
0.005225024516
0.005006028287
0.004809966256
0.004551297343
0.004398516734
0.004193597972
0.00401294681
0.003852308451
0.00366365174
0.003538049061
0.003388070758
0.003254820484
0.00310757778
0.003002635265
0.00288479861
0.002759668218
0.002649136225
0.002550634485
0.002462176896
0.002369605905
0.002275484662
0.002191687836
0.002116490312
0.002032555275
0.001965008953
0.00189099956
0.001824858016
0.001760178592
0.001697460834
0.001641144049
0.001582815494
0.001530470273
0.001477195815
0.001426657072
0.001378788611
0.001333497968
0.001288743796
0.001246719543
0.001205674471
0.001167292077
0.001130085531
0.001094222183
0.001058790037
0.00102598624
0.0009938773168
0.0009634448231
0.0009339693551
0.0009055859239
0.000878380919
0.0008524022016
0.0008272337875
0.0008033925059
0.0007801428389
0.0007582804859
0.000736884814
0.0007166444566
0.0006973078391
0.0006787072804
0.0006609198013
0.0006439930192
0.0006278070227
0.0006122863679
0.0005976176381
0.0005837064631
0.0005704907492
0.0005579326727
0.0005460828268
0.0005349709882
0.000524501565
0.0005146684544
0.0005055551617
0.0004970614846
0.0004892600504
0.0004820826402
0.0004755657956
0.000469711626
0.0004645075028
0.0004599651553
0.0004560941947
0.0004529021416
0.0004503786564
0.0004485480238
0.0004474207266
0.0004470034976
0.000447312897
0.000448365435
0.0004501786515
0.0004527691925
0.0004561581002
0.0004603746261
0.0004654381409
0.0004713806681
0.0004782365416
0.0004860329979
0.0004948052861
0.0005045985507
0.0005154594832
0.0005274258208
0.0005405550984
0.0005549061321
0.0005705385449
0.0005875124483
0.0006058990764
0.0006257922306
0.0006472538234
0.0006703901421
0.0006952861491
0.0007220609238
0.0007508230973
0.0007816817566
0.0008147806401
0.0008502642122
0.0008882659942
0.0009289774223
0.0009725445026
0.001019171267
0.001069050723
0.001122410992
0.00117946905
0.001240476984
0.001305698851
0.001375422244
0.00144994668
0.001529595184
0.001614725892
0.00170568557
0.001802902546
0.001906770493
0.002017764633
0.002136371987
0.002263091355
0.002398491434
0.002543164301
0.002697737031
0.002862883308
0.003039335047
0.003227870757
0.003429292273
0.003644506152
0.003874442258
0.004120111908
0.004382584601
0.004663011273
0.004962635921
0.005282749081
0.005624769229
0.005990184629
0.006380599848
