0.01722029505
0.01762820793
0.01628721375
0.01530049388
0.01481652127
0.01438124489
0.01387395564
0.01331787684
0.01281762064
0.01249837308
0.01231776202
0.01219892499
0.01204764294
0.01182535738
0.01155820919
0.01125898226
0.01094062851
0.01058342686
0.01017150429
0.009703783873
0.009193220685
0.008151147665
0.007666395087
0.006836230502
0.006191555032
0.005736366446
0.005437285728
0.005162953468
0.004910653161
0.004674410235
0.004597817075
0.004578363055
0.004557696392
0.004471340193
0.004327502317
0.004203922073
0.003983047158
0.003745542061
0.003541857843
0.003422229399
0.003315400601
0.003244096976
0.003132106408
0.003039829284
0.002923824687
0.002826045684
0.002737484088
0.002654628721
0.002586622268
0.002507522505
0.002450983867
0.002386995344
0.002345142064
0.002294792964
0.002241825383
0.002215418033
0.002174674167
0.002146178157
0.00212023734
0.002096097971
0.002079931751
0.002063851727
0.002054204384
0.002048067696
0.002046493036
0.002048820145
0.002055032077
0.0020664502
0.002082292743
0.002101538243
0.002124678882
0.002152453586
0.002185651285
0.002223921876
0.002266984672
0.002313904459
0.002366341387
0.002422893246
0.00248540961
0.002551457386
0.002623157294
0.002697452214
0.002773634168
0.002850417916
0.002926153879
0.002999643297
0.003070213977
0.003136928634
0.003197951479
0.003253536371
0.003304083097
0.003350744979
0.003395179902
0.003439835063
0.003487757533
0.003541693628
0.003603328479
0.003674287505
0.003754450995
0.003845055817
0.003946019816
0.004056664106
0.00417650182
0.004303987284
0.004437617967
0.004576299702
0.004719960305
0.004867288838
0.005018277675
0.005173502347
0.005332269504
0.005495075878
0.005661817133
0.005832388609
0.006006678916
0.006183609707
0.006362943659
0.006544149332
0.006722862317
0.006900478431
0.007081306758
0.007268444957
0.007465095777
0.007674254372
0.007898648398
0.008141672395
0.008405739097
0.008690911484
0.009000724807
0.009337762823
0.009699140409
0.01007807656
0.01046820101
0.01086758448
0.01127664659
0.01169651727
0.01212599839
0.01255358892
0.0129659328
0.0133543768
0.01371167851
0.01403395308
0.01432118102
0.01457171126
0.01478228858
0.01494842585
0.01506397278
0.01512849194
0.01515000107
0.01513630603
0.01508904675
0.01498116062
0.01478443357
0.01443872202
0.01389023268
0.01316181452
0.01248262792
0.01187746312
0.01133886947
0.01086210226
0.01043911571
0.01019099803
0.01008432853
0.01003387944
0.009913053734
0.009577415046
0.009157191223
0.008754741341
0.008347230446
0.0079114014
0.007360901756
0.006530176648
0.005830241066
0.004876100752
