751.3488712
531.2856619
433.7943854
375.6782225
336.017949
306.7420507
283.9889129
265.6481986
250.4563677
237.6045738
226.5478358
216.9037705
208.3951045
200.8152246
194.0065926
187.846709
182.2386905
177.1047703
172.3817067
168.0174711
163.9688155
156.6786855
153.3803349
147.3640538
142.004514
137.1903203
132.8348534
128.869607
125.2395924
120.3275275
117.3568117
113.2865352
109.612506
106.2743451
102.2639193
99.53739973
96.21985049
93.21349558
89.82429194
87.36406715
84.5556266
81.51835799
78.78672019
76.31267656
74.05813651
71.66471308
69.19464763
66.96379162
64.93587833
62.64272526
60.7742316
58.70289746
56.83013913
54.97873163
53.16426272
51.51862723
49.79766051
48.23869264
46.63771833
45.10538505
43.64162536
42.24539649
40.85470576
39.5386752
38.24357084
37.02354327
35.8323986
34.67607956
33.52548553
32.45269238
31.39526499
30.38598232
29.40151278
28.44667385
27.52474579
26.63776695
25.77180214
24.94493976
24.13187576
23.36067398
22.59902749
21.87151295
21.16937401
20.48658794
19.8259923
19.18944759
18.57249291
17.97214858
17.39562236
16.83929479
16.30063183
15.77792394
15.27311827
14.7874518
14.31661906
13.86001609
13.42135115
12.99557537
12.58603104
12.18880708
11.80542141
11.43561515
11.0780548
10.73285557
10.40007332
10.0797047
9.769472953
9.470580423
9.183195852
8.90575296
8.638701791
8.38144457
8.133991401
7.896346727
7.668181262
7.448990487
7.238982429
7.037832544
6.845348272
6.661615866
6.486542458
6.319942914
6.16173285
6.012013675
5.870677975
5.737704759
5.613133029
5.49704093
5.389470883
5.290408197
5.200052145
5.118434519
5.04571799
4.98199413
4.927425353
4.882185262
4.846414254
4.820284591
4.803984675
4.797687366
4.801587584
4.815877395
4.840753502
4.876428483
4.923106584
4.981012886
5.050381293
5.131467001
5.224535678
5.329878258
5.447830863
5.578712456
5.722958797
5.880957358
6.053220626
6.240284932
6.442709257
6.661169261
6.896385152
7.149140597
7.420302382
7.710840219
8.021807986
8.354305256
8.709611605
9.089052073
9.494092814
9.926302305
10.3873892
10.87922077
11.40374592
11.96312817
12.55964951
13.19578594
