140.4998828
221.8070256
259.9411372
267.1885038
259.6911531
246.6097736
232.5715188
219.5282466
208.1484128
198.5450132
190.4393643
183.3535289
176.9636947
171.1772678
165.9514766
161.2003464
156.807011
152.6709859
148.7158265
144.8781924
141.1481911
134.2303685
131.1531752
125.7192359
120.8616316
116.4095996
112.4021267
108.7837834
105.5457294
101.2430931
98.73009743
95.43056212
92.51624146
89.70176176
86.39857507
84.46056982
82.07446614
79.84070994
77.16356557
75.17759563
72.97087214
70.74837689
68.64819977
66.74736212
64.987267
62.88298337
60.42752665
58.1522582
55.90200187
52.47834623
49.68226448
46.56553567
43.85558664
41.24423741
39.01788185
37.09741546
35.10148738
33.39247443
31.5854474
31.25567161
31.45918537
31.54601904
31.48049769
31.17609701
30.55527053
30.18184337
30.02776416
29.79147223
29.41946226
29.13505131
29.34504234
29.26398575
28.97257444
28.9943721
29.01494736
28.85433932
28.02835873
27.21638945
26.30101456
25.53661876
23.84307605
22.10130612
20.34395547
18.43188556
16.20930776
14.46061383
13.01814149
11.93189307
11.21074386
10.96788575
10.48989606
10.24649311
10.11696241
10.3201237
10.77927309
11.08959385
10.88409156
9.946045105
8.712120114
7.901987002
7.537275616
7.31673489
7.442082437
7.851969159
7.622536935
6.786686632
6.470153803
6.350545806
6.703889083
6.671852166
6.123731265
6.028371915
6.285737582
6.146631133
5.915449619
6.044235743
5.969255373
5.828832956
6.01456305
5.820489301
5.96396551
5.853956748
6.0083745
5.959209733
6.074754399
6.161282413
6.239446318
6.376705887
6.556800194
6.712776085
6.869018387
7.059254609
7.273046771
7.513275139
7.761215796
8.030681842
8.332425568
8.630040796
8.952347892
9.267074407
9.59923226
9.949084876
10.32852676
10.72707974
11.17022189
11.64617811
12.15538738
12.67449105
13.22667203
13.82724552
14.45222945
15.08816037
15.75114881
16.46078048
17.1785579
17.88112729
18.56946577
19.24985158
19.92878896
20.57620523
21.14503624
21.66511303
22.18881116
22.65791888
23.13314899
23.65781798
24.24873485
24.91455715
25.68292396
26.53801665
27.60749029
29.16504751
31.37010861
34.00065165
