0.002323801305
0.004083028886
0.005256419142
0.005859831015
0.0060509215
0.005979867186
0.005763579287
0.005495857242
0.005238027256
0.005018750861
0.004840523973
0.00469048898
0.004557394251
0.0044380991
0.00433315475
0.004242051591
0.004160194766
0.004079710179
0.003994535309
0.003903331486
0.003809000372
0.003630903966
0.003552815267
0.003415122524
0.003292239571
0.00318126155
0.003074882747
0.002966488621
0.002863289485
0.002738317969
0.002668585728
0.002578618563
0.002493379348
0.002412313948
0.002323304088
0.002266849715
0.002195818704
0.002131073613
0.00206236384
0.002007482574
0.001939252633
0.001867844486
0.001800385705
0.001744754087
0.001692240648
0.001642562624
0.001589067949
0.001539761639
0.001493194716
0.001441798516
0.001401676687
0.001359398848
0.001319464175
0.001278533196
0.001239093018
0.001203928666
0.001165316204
0.001130066279
0.001095009273
0.00106102765
0.00102851579
0.0009981418433
0.0009674692297
0.0009396730043
0.0009128989324
0.0008877556628
0.0008639352419
0.0008412038109
0.0008194187374
0.0007989936826
0.0007793574516
0.000761529455
0.0007445532034
0.0007286453
0.0007138455782
0.0007007493687
0.000688434141
0.000677960043
0.0006684227598
0.0006597780601
0.0006520122736
0.000645577706
0.0006406890494
0.0006369837975
0.0006349059872
0.0006340078078
0.0006342997348
0.0006356905299
0.0006378989766
0.0006414483344
0.0006465638462
0.0006531333923
0.0006611133004
0.0006710597675
0.0006824135048
0.0006945593295
0.0007074884517
0.000721212024
0.0007360841728
0.0007520299079
0.000768997607
0.0007869272583
0.0008061011203
0.000826203517
0.0008471211808
0.0008674895836
0.00088605958
0.000901646556
0.0009127617135
0.0009186622564
0.0009188111197
0.0009121009972
0.0008957681192
0.0008687249242
0.0008331836688
0.0007989559918
0.0007681383704
0.0007400742804
0.0007146429212
0.0006909934578
0.0006680685761
0.0006475425297
0.0006296735615
0.0006146641784
0.0006023044815
0.0005926452126
0.0005846868718
0.000577295532
0.0005722120179
0.0005692338862
0.0005711723617
0.0005748606641
0.0005791223448
0.000584808221
0.0005933084759
0.0006034032716
0.0006164275918
0.0006319844699
0.0006477804056
0.0006630917934
0.0006768232036
0.0006937093147
0.0007115665372
0.0007312778101
0.0007521309625
0.0007726233512
0.0007918262472
0.0008107778317
0.0008314267328
0.0008534896066
0.0008774719546
0.0009021456259
0.0009235814856
0.0009423550455
0.0009573299824
0.0009675964484
0.0009744877795
0.0009769961904
0.0009779907304
0.0009766397268
0.0009730054865
0.0009676338947
0.0009687155641
0.0009806715882
0.0009984976546
0.001022211145
0.001050144942
0.001088615314
0.001132348461
0.00119043814
0.001280282871
0.001393885753
0.001538066743
0.001714104366
