0.02546112218
0.01482897095
0.0111141117
0.009167272396
0.00794563022
0.007096209665
0.006465154427
0.005974157767
0.005578919788
0.005252372073
0.004976974715
0.004740823728
0.004535532001
0.004355004879
0.004194697216
0.00405114377
0.003921651909
0.00380409443
0.00369676623
0.003598282858
0.003507507254
0.003345458592
0.003272727936
0.003140995858
0.003024647497
0.002920938097
0.00282776034
0.002743466284
0.002666746437
0.002563614296
0.002501625795
0.002417167115
0.002341406391
0.002272968879
0.002191258909
0.002136032482
0.002069198175
0.002008987176
0.00194152577
0.001892842165
0.001837574016
0.001778185046
0.001725127537
0.001677378214
0.001634130042
0.001588507899
0.001541755252
0.001499835442
0.0014619951
0.001419529081
0.001385196405
0.001347437182
0.001313586822
0.001280409536
0.001248189021
0.001219235077
0.001189246539
0.001162353756
0.001135023691
0.001109155435
0.001084726646
0.001061697493
0.001039040562
0.001017873755
0.000997319028
0.0009782204314
0.0009598357838
0.0009422498904
0.0009250206566
0.0009092117698
0.0008938832077
0.0008794996591
0.0008657138648
0.0008525845136
0.0008401440821
0.000828404562
0.000817169862
0.0008066605982
0.0007965433497
0.0007871537079
0.000778085908
0.0007696226665
0.0007616453415
0.0007540743147
0.0007469307704
0.0007402222666
0.0007338899935
0.0007278943791
0.0007222964225
0.0007170483116
0.0007121158587
0.0007074747548
0.0007031334251
0.0006990922275
0.0006953062809
0.0006917636971
0.0006884848762
0.0006854242815
0.0006825988623
0.0006799748397
0.0006775565222
0.0006753360422
0.0006732999284
0.0006714439952
0.0006697636818
0.0006682541278
0.0006669009885
0.0006657065419
0.0006646678285
0.0006637764213
0.0006630317549
0.0006624303703
0.0006619710095
0.0006616525032
0.0006614735877
0.0006614338796
0.0006615338689
0.0006617744844
0.0006621575253
0.0006626848025
0.0006633588874
0.0006641835681
0.0006651632592
0.0006663018767
0.0006676054827
0.0006690806697
0.0006707344328
0.0006725740802
0.0006746083807
0.0006768489366
0.0006793040542
0.000681987338
0.0006849102343
0.0006880884603
0.0006915368171
0.0006952704202
0.0006993088723
0.0007036722244
0.000708379503
0.0007134572633
0.0007189267985
0.0007248170506
0.0007311560217
0.0007379766327
0.000745310875
0.0007531957521
0.0007616703741
0.0007707774976
0.0007805620596
0.0007910727286
0.0008023635027
0.0008144875849
0.0008275097901
0.0008414910908
0.0008565042099
0.0008726243281
0.000889929052
0.0009085063696
0.0009284483599
0.0009498527809
0.0009728246892
0.0009974780898
0.001023934343
0.001052318875
0.001082772625
0.001115440597
0.001150480051
0.001188057201
0.001228350522
0.001271552437
0.001317862593
0.001367499597
0.00142069261
0.001477688088
