123.0724859
186.8445632
213.2385659
215.2080757
207.3044071
196.4839169
186.1748931
177.399283
170.4335626
165.3491813
161.6583723
158.6879337
155.893922
153.1707711
150.592335
148.0869255
145.5477133
142.8552343
139.9132812
136.6743751
133.196043
126.2066073
122.9410791
117.0334349
111.8880824
107.3978129
103.5447697
100.1591969
97.34473851
94.1177249
92.51130011
90.74138186
89.24557148
87.80982359
86.07866481
84.8612695
83.10675025
81.35664474
79.22534772
77.49077639
75.6209236
73.98902776
72.66622738
71.64046569
70.70364719
69.75801506
68.74011039
67.84031728
67.07982275
66.18628586
65.58553619
64.98355844
64.4282449
63.90400441
63.41815022
62.88612865
62.13668626
61.37732126
60.55985727
59.83965946
59.10625882
58.25430093
57.25444518
56.04681855
54.63417571
53.19091935
51.79912733
50.40434586
48.90868109
47.41588367
46.00722379
44.66372316
43.3776538
42.17926262
41.01954192
39.93018852
38.81843073
37.80441969
36.82232297
35.94969314
35.10877291
34.45308547
33.86659673
33.24018221
32.544554
31.85149055
31.12912982
30.39282585
29.6425826
28.85611901
27.8821078
26.64542455
25.16263185
23.68362628
22.29942379
20.98312374
19.75667513
18.54246769
17.39944257
16.43458326
15.70978127
15.12380007
14.79577603
14.54924523
14.2192173
13.83260117
13.46372335
13.03646494
12.6537061
12.25061172
11.78719685
11.3747883
11.03451601
10.67757307
10.36979189
10.07461495
9.755760207
9.544428821
9.262083116
8.900597119
8.574296554
8.246986991
8.012970915
7.763127345
7.518115552
7.285432218
7.156414459
6.907225586
6.706884423
6.665999309
6.702409289
6.709072772
6.697318228
6.679676393
6.674394873
6.67396415
6.734600716
6.782833322
6.812747521
6.838214118
6.849948174
6.809730053
6.790186689
6.795073592
6.79430022
6.812926678
6.830854025
6.832986341
6.89134832
6.995440444
7.092613775
7.196926909
7.265213416
7.358570825
7.49588947
7.687612473
7.914263725
8.194224663
8.558954325
8.974899639
9.420294837
9.840395847
10.24977469
10.70114535
11.11661191
11.52925207
11.97243214
12.43298593
12.77440242
13.09368151
13.49668364
14.07453447
14.70550655
15.91058445
