0.003264076089
0.005751912407
0.007443412601
0.008331657952
0.00855837892
0.008265603517
0.007628062045
0.006851993265
0.00610991934
0.005513340878
0.005096375116
0.004820548017
0.004628169728
0.004481111714
0.004368148672
0.004292605653
0.004246266333
0.004202376321
0.004133016176
0.004023162668
0.003878389224
0.003579074693
0.00346052893
0.00328845008
0.003169387937
0.003103883538
0.00304694117
0.002942871149
0.002819260645
0.002682379648
0.002622864378
0.002565659548
0.002485327761
0.002380583944
0.002282929337
0.002235176994
0.002156206962
0.002077024764
0.002015589162
0.001956540482
0.001880120591
0.001816537679
0.001748861618
0.0016983485
0.001643862427
0.001594095367
0.001537266432
0.001491089954
0.001446825469
0.00139716174
0.001358217463
0.001314615244
0.001274863538
0.001234467108
0.001196431817
0.001161878846
0.00112510073
0.001090772058
0.001055915002
0.001022964323
0.0009897664649
0.000959788013
0.0009290113758
0.0009008080975
0.0008732942548
0.000846732752
0.000820636784
0.0007951758547
0.0007701723426
0.0007473405027
0.0007260878134
0.0007062681659
0.0006871350014
0.0006684941362
0.0006507383162
0.0006341387373
0.0006191277167
0.0006057828088
0.0005934955494
0.0005821281371
0.0005708306824
0.000560350975
0.0005499740648
0.0005403981931
0.000530922322
0.0005221519501
0.0005134624136
0.0005047436359
0.0004966818646
0.0004895365699
0.0004836438287
0.0004780751784
0.0004736649039
0.0004704025657
0.0004679805178
0.0004660866367
0.0004648298857
0.0004639807294
0.0004636278886
0.000463353128
0.0004631576876
0.0004641164731
0.0004658182553
0.0004678882468
0.000470881554
0.0004745557988
0.0004782248051
0.0004812334948
0.000483897389
0.0004858264256
0.0004874797939
0.0004881545704
0.0004865027237
0.0004832924257
0.0004778675274
0.0004724118897
0.0004674591947
0.0004629334887
0.0004590787721
0.0004560339282
0.0004543363096
0.0004531648636
0.0004520459235
0.0004505283445
0.0004484514667
0.0004466137958
0.0004446269418
0.0004422698083
0.0004401526605
0.0004380244211
0.0004351065174
0.0004313019535
0.0004270790428
0.0004244939396
0.000424548135
0.0004258540024
0.0004288028998
0.0004330248924
0.0004380592463
0.0004460510556
0.0004580308065
0.0004727156227
0.0004879051928
0.0005041680717
0.000518991131
0.0005316206589
0.0005442110157
0.0005570590337
0.0005700291208
0.0005787960863
0.0005815813432
0.0005813915832
0.0005807768405
0.0005824180552
0.000584701302
0.0005875759773
0.0005873906823
0.0005816862168
0.0005742568912
0.0005668568895
0.0005645996485
0.0005655737428
0.0005738153264
0.0005890367316
0.000606575979
0.0006263099549
0.0006539270868
0.0006965465296
0.0007399885436
0.0007875369256
0.0008338010664
0.0009028119677
0.0009998946301
0.00112745639
