166.1203335
207.5165981
223.8437392
216.2756167
200.6253599
184.413701
170.2902424
158.7265514
149.447692
141.8903461
135.5981374
130.2389774
125.589479
121.5261572
117.8906136
114.5589771
111.5032833
108.6917972
106.0569838
103.5598423
101.2066314
96.84590459
94.80723801
90.89257653
87.20977349
83.84248915
80.77914027
77.98816771
75.4060627
72.06094548
70.09053837
67.43024935
65.08296335
62.99202293
60.68819868
59.1686093
57.42584813
55.94254801
54.28601493
53.04633815
51.56966227
49.90733483
48.32729995
46.94057521
45.73425805
44.39076568
42.94408996
41.51008068
39.84348749
37.76323796
36.10580652
34.33340865
32.82230327
31.38985652
30.1146834
29.0391515
27.87865764
26.83111757
25.88058269
25.45181582
24.96670786
24.52634384
24.08980289
23.57305506
22.87848896
22.21517328
21.63907772
21.11683456
20.57143395
20.26771965
20.03266602
19.70852308
19.26809847
18.94591326
18.65578182
18.32319262
17.91711558
17.43411791
16.97288332
16.52377476
15.85473178
15.19571415
14.61208876
13.94167975
13.27309686
12.71284862
12.15493394
11.70449559
11.28999307
10.84190868
10.36632755
9.865967594
9.404881195
9.052368364
8.787188633
8.465678086
8.065915111
7.601997981
7.18010639
6.909933091
6.743836468
6.612639104
6.566002644
6.528104659
6.317138987
6.08566881
5.888521337
5.620790933
5.406588482
5.09693226
4.840450972
4.659682335
4.596113861
4.402834551
4.24104437
4.088506203
3.844158177
3.77148035
3.747668871
3.660131042
3.548528654
3.446802081
3.435761859
3.379125732
3.292246485
3.28357174
3.251095841
3.192400955
3.20392042
3.164678758
3.177852366
3.181722528
3.233136368
3.257897398
3.329653504
3.389907599
3.433726211
3.501981817
3.563347002
3.637699717
3.738928945
3.861036281
3.989862656
4.141607946
4.313619104
4.508244382
4.723358565
4.939433833
5.161600094
5.370436704
5.569063684
5.768270429
5.934418438
6.069053698
6.155343085
6.157573462
6.104740009
6.02723874
5.893997106
5.711799465
5.529357359
5.369433115
5.169821075
4.974312919
4.809411092
4.645606388
4.583982254
4.539725674
4.500055713
4.401097874
4.32471997
4.41576852
4.648920578
5.244408152
