695.084614
491.5026447
401.3132604
347.5501236
310.8606538
283.7778235
262.7292232
245.7625662
231.7089441
219.8200892
209.5918374
200.6704444
192.7994044
185.7875788
179.4892291
173.791031
168.6033578
163.8542676
159.4852556
155.4481906
151.7030637
144.9595195
141.9084864
136.3433546
131.3857589
126.9326488
122.9038937
119.2361195
115.8784568
111.3349817
108.587211
104.8224391
101.4242169
98.33668931
94.62742657
92.1056931
89.03736734
86.25690575
83.12242225
80.8471429
78.24987441
75.4410497
72.91493294
70.62708826
68.54228047
66.32910628
64.04513484
61.98242114
60.10741797
57.98725567
56.2597872
54.34486874
52.61361155
50.90217527
49.22497357
47.70391644
46.11332467
44.67255044
43.19305404
41.77709455
40.42460583
39.13461987
37.84986346
36.63419432
35.43797517
34.31122001
33.21126286
32.14359348
31.08134832
30.09106679
29.11511146
28.18373637
27.27540918
26.39457669
25.54426449
24.72635005
23.92798342
23.16583917
22.41659375
21.70610633
21.00461259
20.33474937
19.68844839
19.06016533
18.4525114
17.8671951
17.30011208
16.74852422
16.21905135
15.70836363
15.21413181
14.73478619
14.27211004
13.82723128
13.39620134
12.97846564
12.57741119
12.18841647
11.81452978
11.45217471
11.10273137
10.76595655
10.44062919
10.12684775
9.824655127
9.534039015
9.252926954
8.982401836
8.722606679
8.472117246
8.231332749
7.999706955
7.777242625
7.563937464
7.359490722
7.163447953
6.97599505
6.796844609
6.625831839
6.463044253
6.308415273
6.161804216
6.023168469
5.892637622
5.770169825
5.655812944
5.549682374
5.451943946
5.362752761
5.282241742
5.210744342
5.148486709
5.095828755
5.053111213
5.020762803
4.99925143
4.989066491
4.990758288
5.004912364
5.032171916
5.073190322
5.128688828
5.199404141
5.286137677
5.389685612
5.510909044
5.650698077
5.809994581
5.989767403
6.191039072
6.414920843
6.662492755
6.935056259
7.233821045
7.560232458
7.915780548
8.301997396
8.720636657
9.173537248
9.66265975
10.19012506
10.75825435
11.36953398
12.02654003
12.73220421
13.48954969
14.30188141
15.17271018
16.10582976
17.10535617
18.17557238
19.32119992
20.54720464
21.85895223
