0.07058607265
0.03557703226
0.02391417346
0.01808773523
0.01459576536
0.01227094666
0.01061300073
0.009371788791
0.008408345404
0.007639291861
0.00701156957
0.006489806735
0.006049515791
0.005673206216
0.005348052216
0.005064435022
0.004814999667
0.004594026162
0.004396999255
0.004220307248
0.004061026874
0.003785552155
0.00366573745
0.003454994049
0.003275810203
0.003121791755
0.002988147821
0.002871219055
0.002768163147
0.002634816411
0.002557597302
0.002456010454
0.002368511638
0.002292475344
0.002205493887
0.002149081618
0.00208340947
0.002026705185
0.001965966872
0.00192398086
0.001878199785
0.00183124273
0.001791252759
0.001756842965
0.001726963682
0.001696763344
0.001667210204
0.001641902909
0.001620015986
0.001596523522
0.001578347832
0.001559190587
0.00154274749
0.001527291807
0.001512897883
0.001500472782
0.001488103753
0.001477437136
0.00146700219
0.001457495042
0.001448841143
0.001440966403
0.001433482608
0.0014267232
0.001420370191
0.001414650354
0.001409308167
0.001404345993
0.00139962241
0.001395406405
0.001391424761
0.001387782249
0.001384374901
0.001381204873
0.001378267721
0.001375554517
0.001373010326
0.001370676028
0.001368469786
0.001366457586
0.001364546114
0.001362789716
0.001361158101
0.001359630609
0.001358207686
0.00135688718
0.001355654309
0.001354498708
0.001353429621
0.001352435579
0.001351508163
0.001350641145
0.001349834623
0.001349087325
0.001348389819
0.001347738973
0.001347137715
0.001346577013
0.001346059426
0.001345578342
0.00134513424
0.001344725486
0.001344349517
0.001344005593
0.00134369302
0.001343411166
0.001343157744
0.001342933705
0.001342739166
0.001342573373
0.001342437225
0.001342331282
0.001342256737
0.001342215037
0.001342207913
0.001342237648
0.001342306967
0.001342419204
0.001342578373
0.001342788938
0.001343056201
0.001343386558
0.00134378738
0.001344266665
0.001344834253
0.001345501342
0.001346280588
0.001347186218
0.001348234791
0.00134944627
0.001350841001
0.001352444682
0.001354284543
0.001356393589
0.001358807854
0.001361567426
0.001364720102
0.001368319206
0.001372422704
0.001377101333
0.00138242806
0.001388490626
0.001395384389
0.00140321924
0.001412114075
0.00142220444
0.001433640241
0.001446588655
0.001461232972
0.001477775456
0.001496440795
0.001517466363
0.001541123601
0.001567691125
0.001597482621
0.001630829689
0.001668079922
0.001709612788
0.001755825517
0.001807134785
0.001863979042
0.001926821505
0.001996145158
0.002072442416
0.002156244683
0.002248091216
0.0023485509
0.00245821313
0.002577697557
0.002707659972
0.00284877284
0.003001761597
0.003167380378
0.003346433821
