0.002503674199
0.005007348399
0.007511022598
0.0100146968
0.012518371
0.0150220452
0.0175257194
0.02002939359
0.02253306779
0.02503674199
0.02754041619
0.03004409039
0.03254776459
0.03505143879
0.03755511299
0.04005878719
0.04256246139
0.04506613559
0.04756980979
0.05007348399
0.05257715819
0.05758450658
0.06008818078
0.06509552918
0.07010287758
0.07511022598
0.08011757438
0.08512492278
0.09013227118
0.09764329377
0.1026506422
0.1101616648
0.1176726874
0.12518371
0.1351984068
0.1427094294
0.1527241262
0.162738823
0.175257194
0.1852718908
0.1977902617
0.2128123069
0.2278343521
0.2428563973
0.2578784425
0.2754041619
0.2954335555
0.3154629491
0.3354923427
0.3605290847
0.3830621525
0.4106025687
0.4381429849
0.4681870753
0.5007348399
0.5332826045
0.5708377175
0.6083928304
0.6509552918
0.6960214274
0.7435912372
0.7936647212
0.8487455536
0.9063300602
0.9689219151
1.034017444
1.104120322
1.179230548
1.261851796
1.346976719
1.439612665
1.537255958
1.642410275
1.755075614
1.875251975
2.002939359
2.14064144
2.285854544
2.443586019
2.608828516
2.789093058
2.979372297
3.182169907
3.399989563
3.632831263
3.880695009
4.146084474
4.431503333
4.734447911
5.057421883
5.402928922
5.773472704
6.169053227
6.589670493
7.040331849
7.523540969
8.03679418
8.587602504
9.173462266
9.80188449
10.47286918
11.18892
11.9550443
12.77374577
13.64752806
14.57889486
15.57786087
16.64442608
17.78109416
18.99787982
20.29728673
21.68682591
23.17150471
24.75633048
26.44881424
28.25897069
30.19180717
32.25733838
34.46557903
36.82404012
39.34273637
42.03418613
44.91090779
47.98291603
51.26523291
54.77288046
58.52088074
62.52425578
66.80053131
71.3722404
76.25440509
81.47206212
87.04524089
93.00148181
99.36582162
106.1632971
113.4264559
121.1878459
129.4775112
138.3380142
147.8019027
157.9142428
168.7175969
180.2620387
192.5951378
205.7719751
219.8501351
234.8922097
250.9632944
268.1334921
286.4804166
306.0791782
327.0224129
349.3952455
373.3003268
398.842811
426.1303561
455.2856421
486.4363565
519.7176976
555.2748786
593.2656309
633.8577007
677.2238415
723.5593399
773.0644899
825.957111
882.4675414
942.8436447
1007.353314
1076.274457
1149.912523
1228.587981
1312.646339
