449.5842017
317.9050465
259.5694686
224.7947502
201.0634485
183.5458185
169.931192
158.9568112
149.8666148
142.176616
135.5607161
129.7901098
124.6988862
120.1634148
116.0894304
112.4036333
109.0480521
105.9761537
103.1500965
100.5387485
98.11623167
93.75418431
91.78062116
88.18079547
84.97393784
82.09339347
79.48733255
77.11476357
74.94278328
72.00371181
70.22622786
67.79084618
65.59256127
63.59524488
61.19570455
59.56436596
57.57941026
55.78065811
53.75285356
52.2808782
50.60057241
48.78337116
47.14904265
45.668844
44.3199836
42.88804406
41.41026645
40.07561671
38.8623947
37.49050733
36.37268908
35.13353993
34.01320383
32.90565865
31.82023036
30.83581804
29.8063639
28.87383542
27.9162026
26.99965179
26.12414202
25.28904879
24.4572947
23.67022129
22.89569219
22.1660917
21.45379448
20.76235521
20.07437477
19.4329499
18.80075003
18.19737344
17.60887217
17.03812745
16.48710085
15.95701099
15.43953094
14.94547062
14.45971198
13.99902251
13.54410465
13.10963993
12.69039927
12.28278873
11.88850494
11.50866019
11.14059474
10.78253485
10.43878228
10.10718073
9.786223165
9.474895759
9.174363011
8.885364803
8.605343796
8.333947859
8.073386533
7.820667103
7.577780566
7.342415122
7.115479831
6.896830064
6.685687564
6.482131963
6.286207595
6.097923561
5.915956381
5.741027821
5.573250436
5.411726342
5.256736526
5.107953378
4.965403547
4.829109849
4.698904098
4.57452178
4.456104823
4.343493629
4.236605543
4.135512741
4.040186399
3.950547911
3.866574128
3.788338111
3.715799883
3.648963286
3.587859093
3.532531548
3.483001316
3.439259484
3.401385991
3.36937985
3.343286524
3.323116715
3.308898947
3.3006528
3.298382846
3.302095661
3.31178639
3.327455619
3.349080343
3.376649951
3.410138691
3.44953178
3.494794164
3.54590404
3.602836933
3.665575475
3.734099255
3.80839501
3.888467667
3.974296202
4.065920558
4.163331346
4.266578216
4.37570271
4.490737643
4.611758618
4.738839314
4.872060558
5.011518488
5.157331607
5.309628076
5.468525403
5.634192627
5.806782751
5.986475547
6.173456769
6.36793219
6.570131619
6.780274419
6.998621023
7.225430711
7.460988298
